-1
-1
1
1
2
4
3
6
4
3
9
6
6
7
13
11
13
7
14
7
10
20
21
14
11
12
11
23
17
26
21
25
16
32
32
11
35
17
16
32
38
20
20
42
31
41
31
29
29
45
46
26
46
48
8
20
10
27
24
57
50
30
57
59
22
54
41
37
62
29
42
46
58
27
49
45
35
70
44
26
59
76
79
80
68
52
69
28
60
41
81
90
41
85
28
87
76
90
30
44
49
80
91
98
73
64
50
45
88
54
94
63
49
70
86
103
106
85
17
43
18
91
97
46
74
47
38
88
106
121
41
98
123
96
116
132
92
53
133
86
107
54
53
88
61
144
68
128
131
72
106
144
68
77
141
37
59
136
148
121
60
136
74
116
158
154
139
69
122
75
141
96
68
146
76
122
105
176
177
58
121
137
148
181
125
167
117
159
185
121
162
167
173
187
186
133
65
176
116
23
162
187
108
159
41
97
180
172
153
112
184
140
101
179
120
184
107
138
215
151
191
212
73
161
160
192
156
111
165
166
175
205
201
82
119
129
143
41
231
224
172
137
89
210
243
234
169
153
240
218
246
250
231
113
215
98
24
236
231
254
231
155
192
212
221
185
246
226
230
207
51
241
43
111
173
159
84
202
171
36
268
134
196
152
80
141
199
257
49
231
219
105
289
242
221
226
177
91
70
222
143
204
228
32
271
209
233
282
177
34
217
228
225
266
184
269
276
126
234
224
170
91
132
240
261
40
158
218
242
269
241
303
199
175
181
326
241
236
220
180
337
323
235
288
79
303
110
61
283
124
171
87
234
295
293
225
317
344
204
339
81
263
302
357
141
322
152
344
337
91
231
0
335
338
180
133
333
263
52
183
58
251
150
168
151
309
0
171
0
131
357
265
313
303
324
320
105
354
247
0
253
316
325
323
55
292
0
201
0
313
117
352
305
279
117
269
66
334
296
0
0
246
36
303
76
256
238
0
107
218
250
0
0
196
149
229
237
0
0
259
0
267
0
233
289
0
73
155
357
73
347
274
255
315
232
234
0
0
187
262
338
194
0
0
350
305
293
239
0
0
283
357
333
0
197
0
255
0
227
343
350
0
219
339
0
345
251
0
24
71
354
337
303
0
197
294
261
357
0
279
188
0
0
0
211
201
0
200
257
65
180
0
250
239
92
113
160
352
0
0
0
0
320
0
0
0
0
0
339
279
360
0
347
0
248
199
119
0
0
0
67
0
339
0
263
0
0
279
0
0
279
0
222
362
0
90
90
295
267
0
0
192
155
248
257
0
0
218
209
234
328
0
322
195
196
0
248
0
0
0
258
190
0
81
0
198
246
356
246
182
0
0
155
106
239
249
0
0
276
233
262
0
256
0
310
0
173
280
258
0
0
338
120
295
0
322
284
76
103
201
0
268
0
0
318
0
318
0
269
310
0
312
149
282
277
158
320
219
0
0
0
0
0
0
288
183
0
0
114
268
0
0
187
275
0
0
273
154
0
167
275
342
127
330
0
242
203
0
0
249
266
50
290
0
11
0
165
361
0
148
0
257
0
29
0
257
0
0
0
249
0
0
0
295
0
0
0
77
0
282
0
256
0
360
0
139
0
0
0
0
266
359
248
216
121
0
0
323
0
340
0
334
328
0
59
0
0
307
360
236
240
138
248
0
330
0
278
186
245
294
266
0
327
142
0
0
0
306
290
215
0
57
0
0
321
0
0
0
344
0
66
135
0
0
0
95
307
187
350
0
136
0
223
340
357
151
0
0
0
275
0
0
232
129
0
120
0
286
275
0
0
272
0
324
190
0
0
283
266
210
0
0
286
197
275
202
296
0
0
0
0
0
0
0
0
308
362
334
0
0
0
252
0
119
361
338
84
256
0
282
226
279
229
0
258
315
0
333
302
323
355
269
0
0
231
0
0
0
0
353
103
0
304
0
122
83
164
100
0
270
168
86
0
285
333
0
290
0
0
81
0
0
353
0
340
0
67
0
58
324
75
253
231
291
351
346
0
0
59
248
137
52
0
0
0
257
0
323
180
0
0
347
0
324
0
318
0
0
170
146
170
0
220
159
192
0
330
0
157
0
238
0
336
0
207
106
244
291
0
0
0
0
0
0
0
362
264
74
252
0
0
328
299
335
0
0
203
0
0
226
147
308
0
0
171
0
51
0
221
0
214
258
144
0
0
298
359
275
297
0
109
0
112
342
0
354
0
118
261
0
0
0
257
321
165
320
337
358
334
0
326
340
0
275
245
221
204
76
0
0
0
0
318
0
0
229
321
67
250
0
278
0
230
0
0
0
239
0
0
0
0
115
222
0
0
0
296
0
0
0
335
341
249
0
0
0
0
48
0
237
189
311
0
0
247
0
0
313
264
0
0
243
197
302
232
183
0
0
0
355
0
172
287
309
0
267
0
214
347
262
184
0
97
318
0
0
244
265
128
0
0
0
196
0
0
107
0
0
107
0
275
120
271
0
0
356
153
147
0
235
43
0
208
155
279
236
57
0
257
0
309
213
0
0
210
330
295
0
102
359
0
187
0
349
310
0
354
342
172
295
274
306
0
115
0
0
0
223
319
0
159
0
261
0
0
361
0
211
172
0
0
117
0
0
0
0
118
248
0
0
0
0
0
128
0
242
0
225
0
244
0
351
0
305
231
68
80
0
0
0
0
332
312
0
0
187
0
0
0
0
0
118
266
284
144
255
0
279
292
0
42
0
20
288
236
0
0
307
346
0
357
316
0
155
0
305
243
0
285
0
280
0
296
346
0
298
0
0
252
0
112
0
362
224
92
0
65
0
0
99
0
203
146
0
0
296
0
151
244
0
0
0
204
0
0
0
60
0
212
0
0
291
0
0
185
0
304
344
0
107
253
0
0
341
175
290
0
0
0
120
311
0
0
0
0
175
246
0
184
0
310
143
339
191
0
0
162
194
261
0
0
0
0
0
301
322
217
0
169
307
252
0
0
225
0
301
0
0
267
240
232
0
0
0
0
200
0
0
296
0
0
0
0
344
156
199
237
360
345
249
81
244
0
0
0
334
0
342
178
0
0
0
0
0
357
0
0
276
101
0
316
0
129
0
0
124
0
315
0
261
86
0
162
319
0
230
0
0
272
173
0
361
32
0
0
0
0
214
192
0
0
0
0
142
0
261
0
0
266
0
314
274
276
339
0
160
0
0
0
48
291
325
208
319
0
170
0
185
0
0
0
316
0
0
287
0
214
0
295
170
341
226
0
314
0
272
0
258
229
0
100
278
0
0
235
330
0
344
174
318
317
0
161
347
0
333
136
0
0
299
238
0
0
0
0
0
348
0
0
0
0
362
0
305
355
0
0
196
251
355
0
0
315
0
71
0
0
169
217
313
0
0
209
313
0
0
156
0
0
196
168
0
0
241
0
0
244
332
86
0
207
0
342
0
173
339
0
0
0
0
0
0
0
180
0
337
0
0
302
0
268
256
0
353
0
0
0
0
307
0
170
288
0
134
0
66
0
119
52
91
133
0
0
0
0
0
273
321
0
0
0
0
220
317
0
0
0
0
113
354
0
346
278
251
0
0
0
340
0
313
120
0
0
227
0
0
272
295
0
116
0
345
307
206
239
0
316
170
291
247
289
277
0
0
0
0
117
297
0
0
297
0
237
193
331
91
0
290
288
0
71
0
0
350
300
244
225
0
0
274
248
0
0
0
182
0
0
0
0
0
131
0
330
0
0
0
0
163
361
0
0
0
0
319
99
0
185
0
360
0
193
0
324
339
158
163
306
330
249
0
63
0
345
0
283
0
204
224
0
306
189
0
0
164
0
0
0
0
64
0
0
0
235
288
194
154
0
0
0
291
0
0
219
0
219
0
0
335
0
0
0
0
134
0
0
163
0
279
356
324
55
0
0
0
339
0
324
0
309
179
0
17
0
0
0
300
276
0
0
303
243
226
224
327
0
77
0
283
254
0
72
0
0
268
0
248
0
56
121
287
174
0
242
297
0
0
347
0
335
0
0
0
135
276
343
353
0
249
78
323
238
0
0
250
0
149
148
264
0
0
324
206
211
295
337
153
0
201
0
0
241
261
328
58
0
0
345
0
0
0
289
0
352
0
357
272
0
0
0
362
346
231
174
334
278
0
297
353
0
322
129
0
327
162
362
0
63
127
0
0
0
161
108
333
0
0
262
0
351
0
0
209
0
62
0
293
184
0
0
352
211
0
0
0
0
0
337
97
0
221
0
177
0
246
336
0
0
106
92
86
0
311
194
0
297
358
0
0
343
0
302
0
0
0
158
193
0
352
0
0
0
0
0
153
301
0
182
93
212
0
181
170
0
0
360
0
0
0
0
188
0
289
269
114
307
105
265
177
0
288
348
0
0
0
0
110
0
278
235
50
0
250
273
233
0
212
0
0
0
0
0
113
110
0
330
0
176
0
0
0
0
0
261
322
349
129
296
210
195
0
62
171
0
0
0
196
0
339
354
212
192
333
0
286
228
0
293
223
0
0
103
0
222
362
0
0
0
313
187
174
337
301
0
232
317
222
113
0
0
126
0
0
167
108
0
0
313
0
95
106
0
351
264
296
0
0
0
0
169
0
213
0
294
0
0
0
0
179
0
317
356
0
0
0
68
0
0
44
197
283
181
255
334
286
29
332
0
259
138
92
0
0
190
0
0
182
0
0
20
0
32
224
0
269
0
283
359
233
257
341
0
0
0
302
217
0
0
0
160
0
0
298
0
298
0
295
160
0
219
170
0
0
0
245
160
249
83
0
0
186
302
342
287
315
0
158
0
314
281
113
255
0
349
103
0
0
0
0
202
261
0
0
0
0
218
349
335
34
0
0
0
322
0
253
217
128
0
326
0
0
0
0
202
0
227
0
295
0
323
167
283
0
0
0
334
0
147
330
309
210
132
348
0
0
289
324
301
0
208
280
0
161
0
0
0
224
230
0
0
0
325
0
0
211
183
110
0
261
0
40
0
246
264
318
0
0
60
341
256
142
0
0
0
0
337
0
0
0
226
234
0
135
0
0
224
0
0
0
0
0
343
297
290
0
329
214
185
299
206
0
341
287
0
0
80
0
0
203
272
182
0
0
0
222
232
0
0
309
0
0
0
0
0
241
341
0
0
335
208
0
0
0
0
0
84
0
208
0
275
0
0
0
302
0
146
354
286
102
0
0
339
312
323
103
263
0
181
295
0
172
228
0
238
299
0
114
334
134
303
0
0
74
0
302
339
302
0
322
0
13
323
69
326
0
106
293
0
297
220
284
104
361
214
0
317
283
233
246
0
0
0
273
343
0
289
0
0
353
0
300
0
334
0
240
0
124
266
74
357
0
0
0
260
0
0
0
333
215
254
32
0
0
0
352
0
62
234
0
224
0
234
290
0
0
95
340
267
271
211
289
0
0
346
0
139
0
214
343
251
0
0
302
347
0
0
0
354
165
346
0
333
173
299
0
0
361
191
268
361
88
0
0
331
81
342
0
247
336
308
249
0
0
0
88
0
0
322
218
0
0
333
0
0
191
284
0
314
324
0
0
0
222
0
0
255
0
0
222
0
0
0
160
0
0
0
0
0
173
6
0
224
0
0
0
327
0
0
159
156
0
0
0
0
0
133
216
34
258
0
0
0
205
0
329
0
167
0
0
290
0
0
291
0
0
250
282
200
236
0
202
0
289
250
0
292
91
0
109
0
0
0
0
352
0
355
0
0
294
275
173
0
0
0
0
280
304
184
0
0
0
260
0
306
137
340
0
282
19
328
0
234
0
167
0
0
0
0
332
0
0
252
0
178
0
0
0
164
163
204
0
227
163
319
283
0
357
0
182
0
0
0
0
344
0
0
356
0
0
0
0
189
106
266
0
193
0
0
0
352
0
346
0
0
0
0
322
0
237
113
0
0
245
219
0
257
0
0
0
0
0
0
261
0
243
232
0
99
279
0
0
283
0
245
0
249
0
74
338
175
0
0
301
107
0
271
0
316
295
279
0
278
290
0
159
277
243
196
350
299
207
261
266
0
0
292
112
0
0
0
0
259
0
333
302
319
0
0
169
173
320
0
161
0
0
285
279
331
291
342
202
87
0
0
165
89
0
174
238
0
113
171
0
81
311
69
0
0
361
0
0
0
342
156
192
0
216
171
0
0
0
223
0
0
0
335
0
0
342
0
0
341
99
0
0
146
0
0
132
290
0
278
0
318
0
187
70
0
0
0
0
73
0
0
0
0
257
285
201
316
0
291
361
0
109
302
0
316
321
230
334
296
0
175
357
0
264
0
312
0
0
334
258
125
0
346
324
266
0
0
286
0
272
131
121
0
0
305
255
0
280
200
0
0
0
0
0
251
158
70
0
237
0
0
0
0
276
0
71
0
0
0
332
159
0
301
0
362
301
0
246
265
304
0
0
281
0
339
184
0
338
0
0
245
324
237
0
0
313
0
0
241
188
181
291
0
181
0
302
300
0
0
177
159
0
331
0
0
0
0
356
279
0
0
0
0
0
0
0
0
0
0
0
329
0
0
222
0
0
223
0
335
0
320
263
0
308
192
55
0
177
0
198
241
0
140
220
314
107
261
0
185
348
0
250
296
0
199
361
0
0
0
0
268
134
0
0
326
203
226
359
0
0
182
0
294
0
163
356
0
0
191
0
308
0
333
0
81
0
298
246
0
0
215
0
241
0
0
0
0
344
352
276
331
293
148
0
0
250
325
0
0
0
243
300
0
361
0
307
0
0
0
212
341
0
190
0
0
275
0
110
172
100
0
0
342
0
0
0
0
0
0
339
215
303
167
149
0
0
0
251
0
224
0
0
165
0
0
342
195
0
0
318
198
0
206
0
0
301
0
310
0
218
126
228
312
0
316
276
0
0
0
0
354
0
135
0
0
163
0
0
0
197
0
157
0
204
0
0
0
0
338
0
0
0
0
244
332
0
0
111
164
81
0
0
0
168
0
0
0
0
0
0
0
0
0
226
326
0
274
0
0
0
0
222
0
205
0
238
0
154
330
299
0
141
116
309
223
356
213
306
50
0
0
321
0
291
184
275
0
0
0
0
0
0
197
308
0
0
0
177
278
0
342
338
147
282
0
0
150
0
301
0
345
0
100
329
206
106
0
297
175
145
0
0
303
281
178
225
0
348
0
102
0
0
144
0
0
0
323
0
0
255
356
75
0
0
166
323
308
0
356
180
0
0
0
160
0
0
0
224
0
0
0
0
0
352
0
0
0
0
214
315
306
0
0
0
0
0
315
0
90
0
0
133
224
0
345
0
207
42
317
0
0
0
257
204
118
0
0
332
232
132
0
0
205
0
312
361
322
0
0
0
0
0
96
0
0
347
218
0
0
180
118
0
306
0
0
360
116
0
297
0
0
0
0
139
0
259
336
0
0
217
0
0
0
0
0
348
119
0
207
223
125
0
293
56
285
0
362
0
0
0
0
90
169
0
302
276
0
318
0
0
320
0
192
0
303
0
218
321
0
362
302
0
325
0
0
0
113
0
305
0
0
0
0
0
0
249
211
0
0
273
179
313
0
0
319
0
0
331
0
337
296
0
250
108
0
260
0
0
236
0
249
160
277
79
245
0
0
323
204
0
246
77
276
0
211
216
0
226
184
0
359
186
171
0
220
323
0
0
0
0
0
313
312
307
358
0
323
226
343
150
357
0
0
0
107
0
0
281
0
0
0
0
72
0
109
346
249
361
0
300
0
0
342
0
0
232
0
0
0
0
0
312
0
0
0
309
0
217
0
0
253
0
0
333
57
266
225
0
178
274
0
313
0
0
0
0
0
244
323
275
0
0
168
227
0
0
239
217
171
0
0
213
0
245
0
0
345
354
74
0
305
227
154
199
280
248
144
0
0
0
342
159
222
174
0
0
0
0
0
0
0
198
0
0
0
251
295
0
175
314
0
0
0
109
189
349
0
300
200
271
222
194
329
0
0
150
0
354
0
179
316
0
356
147
0
0
334
0
0
241
282
0
0
0
0
0
250
0
122
357
0
186
0
289
130
220
0
187
319
227
0
0
237
0
0
0
277
73
109
0
332
254
339
195
316
0
275
332
0
347
289
239
0
0
0
0
0
0
218
238
308
243
0
0
0
40
70
357
338
357
0
213
0
0
357
0
326
345
0
0
292
297
321
0
0
111
67
0
246
299
225
350
190
107
0
350
295
85
360
0
345
312
0
0
0
68
0
0
316
135
319
0
341
173
278
148
0
86
59
223
284
348
155
0
0
0
123
0
163
327
0
0
254
336
0
0
0
287
0
274
0
0
0
0
345
147
0
0
323
148
0
0
0
165
0
316
0
0
0
136
196
0
270
0
275
341
0
0
344
0
0
299
0
0
0
320
302
0
225
103
0
302
239
309
224
357
0
182
217
0
0
0
0
346
35
217
0
0
340
0
350
0
162
336
0
174
0
217
333
342
178
0
306
179
0
229
0
0
0
266
0
94
0
0
0
271
224
0
151
343
307
207
295
0
329
251
174
332
0
0
0
0
254
0
0
300
0
0
0
0
332
354
0
0
323
350
170
0
0
0
335
0
0
0
340
296
295
0
124
194
329
0
0
0
345
0
159
0
0
0
102
262
351
229
79
29
295
283
0
0
222
208
284
316
200
192
0
332
163
352
0
231
0
10
0
123
331
140
251
136
0
333
209
309
306
0
0
131
0
333
0
310
0
357
170
337
294
330
0
329
0
0
189
169
0
350
256
339
169
0
0
232
0
0
0
244
0
307
0
0
0
108
284
0
49
0
0
0
0
0
0
0
0
0
0
263
0
222
221
0
0
0
311
0
0
0
168
0
0
295
0
0
208
0
0
0
0
0
0
0
233
296
0
0
0
0
0
0
295
250
214
276
357
0
151
255
355
95
0
275
302
208
0
148
0
92
235
0
325
281
263
212
200
346
0
260
330
319
0
0
327
257
269
247
217
122
0
0
285
77
0
326
0
0
256
0
282
0
0
253
0
251
0
0
0
0
0
325
0
0
362
227
355
325
263
0
312
283
0
285
317
298
0
0
267
0
203
0
351
179
330
321
0
314
0
0
0
269
227
0
216
0
343
322
356
0
0
0
203
0
332
349
33
219
267
0
0
333
315
116
0
302
75
60
0
301
353
0
0
288
0
0
0
0
0
105
0
0
0
165
155
0
331
326
175
359
240
0
360
272
0
0
298
331
317
0
0
0
348
283
276
284
0
352
0
0
272
0
304
0
0
215
214
0
0
249
0
222
361
323
0
0
0
0
0
262
283
0
0
145
0
361
0
138
281
222
324
346
179
280
0
0
335
0
214
0
0
336
307
0
0
0
141
223
0
241
0
351
205
316
0
0
234
307
0
147
348
359
0
0
0
199
339
0
0
0
315
350
0
228
321
328
261
297
341
0
0
0
0
254
330
258
0
306
152
317
332
0
276
288
0
0
351
0
0
0
0
234
279
281
0
266
232
0
0
247
127
0
0
0
0
299
157
0
201
0
0
0
0
297
0
0
294
0
142
0
81
0
0
0
355
0
337
259
131
110
0
287
0
75
0
0
0
143
0
193
0
171
97
42
0
244
289
0
0
0
0
0
322
136
297
0
126
0
194
0
0
346
0
198
302
0
210
0
0
325
238
358
0
285
88
291
0
0
259
0
0
0
169
99
257
316
253
243
294
260
280
0
0
348
207
144
220
0
0
223
0
0
0
0
0
258
151
0
354
0
0
0
0
227
0
0
0
0
204
85
0
306
333
225
0
0
0
0
355
0
352
247
123
0
0
0
317
0
0
355
314
241
0
80
0
220
266
0
146
0
88
0
314
320
327
314
267
0
190
156
325
359
210
170
303
0
126
0
0
0
0
0
218
0
0
250
0
0
0
313
0
99
196
0
0
247
0
0
0
0
0
324
74
305
0
284
176
0
72
0
220
0
0
328
293
0
0
0
0
0
328
0
0
236
321
0
271
351
0
0
327
345
309
0
289
0
0
266
0
240
0
0
120
246
359
0
0
0
0
0
0
0
0
0
0
59
277
298
231
280
0
0
0
0
0
0
0
274
0
155
265
0
158
0
51
0
0
113
181
0
277
0
326
287
66
0
145
131
0
0
0
244
0
243
0
131
0
259
0
0
32
133
0
0
244
294
20
0
0
268
176
0
344
0
335
0
0
315
311
132
0
289
0
0
0
0
0
288
0
0
163
165
0
0
190
321
0
299
0
0
250
226
149
0
0
275
0
204
0
213
0
0
269
0
336
0
334
0
344
201
298
0
0
349
54
206
340
243
308
0
241
347
0
343
198
337
0
0
0
181
0
0
324
0
218
241
351
268
0
0
0
0
246
0
0
271
0
120
0
0
215
213
111
0
173
0
0
0
225
0
211
105
191
0
0
0
305
148
0
0
0
93
0
230
344
0
339
0
302
0
334
0
0
340
175
0
343
0
198
335
0
0
0
318
340
259
0
0
319
0
0
238
189
0
74
0
316
263
0
0
337
255
0
0
252
0
45
119
0
0
290
134
0
0
105
279
290
249
234
0
308
0
215
0
0
0
157
0
341
279
0
76
0
162
0
134
0
299
0
259
0
181
0
0
275
0
0
334
242
0
0
191
0
158
262
0
202
244
0
333
236
300
314
0
0
341
216
0
332
209
217
260
253
203
0
295
226
244
0
0
165
320
0
330
255
200
0
0
356
226
141
0
319
293
0
274
0
0
133
163
0
0
194
345
343
229
0
347
313
0
192
325
0
292
132
202
0
0
86
244
0
0
0
0
0
245
217
209
166
0
334
269
109
0
151
237
352
0
0
0
248
27
0
289
311
0
207
336
0
0
218
226
138
153
0
0
0
0
0
0
0
0
0
315
254
344
307
87
342
143
356
318
0
0
39
0
85
257
0
0
189
0
0
0
87
0
136
123
350
232
136
353
0
0
210
0
0
46
0
227
0
287
262
0
238
199
267
287
0
0
233
0
335
290
0
315
248
67
0
0
0
352
0
0
0
193
131
158
0
324
0
265
240
51
0
0
0
346
0
188
0
0
164
266
0
0
0
248
0
90
57
0
0
0
345
0
0
150
192
279
0
209
301
0
0
354
0
0
341
183
275
0
0
273
292
0
110
340
0
243
0
0
249
297
314
0
119
0
0
224
0
132
0
0
0
0
0
181
0
0
217
325
308
0
361
244
57
312
0
195
158
354
353
298
76
352
0
0
0
219
167
320
252
244
0
0
354
120
160
0
0
235
0
205
0
0
145
357
341
0
0
0
148
332
328
320
225
0
274
245
0
302
361
0
0
0
154
302
83
129
246
157
277
0
0
310
0
0
0
0
0
332
0
357
0
179
297
0
265
88
0
312
345
314
354
0
267
216
83
272
145
0
0
0
299
330
200
0
231
0
0
0
46
0
0
0
0
0
116
0
285
0
0
289
0
291
0
161
0
0
336
0
306
0
159
0
0
322
0
298
0
0
0
0
125
0
0
304
0
0
0
158
243
121
0
0
218
342
94
0
0
0
0
269
0
0
330
0
0
136
175
0
0
143
0
0
280
351
231
192
0
272
164
258
186
0
0
264
0
235
0
202
258
124
60
222
0
242
208
0
0
0
0
282
0
222
341
196
300
0
0
192
0
0
251
0
56
294
0
0
288
0
0
301
138
0
194
340
0
0
0
0
0
84
34
0
0
0
0
0
0
0
0
277
0
0
351
0
261
0
0
0
359
263
314
331
0
153
155
0
0
65
88
225
0
313
0
334
0
0
309
312
0
0
0
0
266
0
0
0
306
0
357
328
0
289
196
0
351
0
0
0
0
77
352
35
0
316
0
0
0
156
165
204
307
0
0
0
260
196
242
0
325
162
0
353
0
343
347
0
359
194
0
236
351
0
20
144
57
274
0
0
290
347
0
62
0
252
0
304
0
188
0
250
142
206
320
0
0
340
217
0
304
0
233
186
0
246
208
0
0
0
311
0
346
278
0
0
0
0
297
237
245
0
205
0
0
0
0
354
222
219
0
0
139
0
0
0
176
0
0
0
331
0
0
326
0
0
342
29
349
158
319
334
0
222
0
0
0
173
0
258
0
205
0
0
0
357
75
0
192
210
0
132
0
0
0
0
328
219
241
0
0
0
0
0
0
308
356
349
86
0
0
354
353
288
0
311
330
0
0
0
0
331
193
249
0
0
223
274
0
0
0
132
0
301
0
0
0
0
0
0
299
0
0
0
165
219
0
0
283
204
0
0
236
271
81
302
117
360
314
0
0
351
0
0
105
336
331
234
0
0
154
299
0
0
0
0
0
0
175
0
291
0
179
0
264
310
70
0
0
215
265
0
245
358
162
234
0
0
123
0
0
301
148
304
54
0
0
255
0
0
126
294
335
0
22
227
0
0
0
0
195
0
48
0
314
214
279
162
0
0
170
0
236
0
163
190
0
356
52
0
0
0
251
124
46
330
0
0
0
0
229
297
0
184
0
0
0
0
80
329
0
348
0
0
0
66
230
0
93
0
209
340
194
186
338
234
0
287
250
309
165
0
200
344
0
0
0
227
99
94
279
148
313
305
360
307
0
204
0
131
320
0
349
176
0
135
327
248
0
320
0
0
0
0
326
0
190
291
151
0
317
0
297
341
0
104
282
316
0
330
0
333
186
271
342
0
0
232
0
0
235
265
255
328
0
0
262
0
0
304
0
183
0
340
0
142
273
0
296
0
0
0
0
0
326
0
0
239
0
175
359
328
0
0
269
201
305
345
0
0
297
324
311
203
309
206
325
320
356
264
160
217
0
0
164
43
0
191
341
0
170
0
230
0
199
126
296
115
0
172
113
0
322
0
0
343
349
0
0
241
0
0
256
0
148
191
103
0
0
350
197
0
0
100
0
0
0
181
243
0
0
315
0
0
324
0
245
0
0
310
0
110
0
216
0
301
253
231
0
0
0
0
0
129
335
232
302
0
275
325
143
0
0
268
338
184
240
0
112
0
0
0
0
0
0
0
0
0
0
0
56
0
152
0
0
0
156
0
112
222
65
297
0
0
359
29
0
109
63
0
0
241
152
211
0
0
276
153
0
0
0
38
313
150
240
235
359
0
0
170
228
216
297
319
253
0
119
94
0
0
348
0
0
269
0
236
266
247
295
0
100
277
0
0
318
0
340
196
0
0
191
87
144
310
0
172
223
0
266
15
0
0
0
351
180
0
0
251
181
162
0
212
0
0
208
0
0
0
0
0
0
0
282
226
0
94
0
24
0
220
134
286
0
0
279
291
312
0
126
0
306
243
0
140
321
260
0
323
0
115
0
305
257
355
152
0
296
261
0
180
248
184
320
0
340
256
244
127
0
85
321
0
0
0
0
339
0
0
311
0
256
30
0
0
0
0
0
347
177
281
200
183
291
350
0
313
325
0
262
197
0
290
0
209
262
336
0
333
222
339
233
0
249
336
274
0
315
34
176
154
0
325
0
0
190
0
0
280
0
0
189
189
0
132
272
282
121
283
0
0
294
0
0
0
0
223
278
0
0
169
0
0
311
0
357
318
269
0
265
316
0
0
242
171
0
202
0
254
0
0
338
169
0
0
361
238
205
0
0
0
0
300
0
0
0
0
287
297
0
232
216
0
0
0
0
333
85
172
0
167
0
0
227
324
0
78
0
328
233
0
0
63
215
0
0
298
0
0
230
0
0
301
231
230
0
0
359
0
0
0
223
235
217
287
332
176
0
0
0
221
162
0
236
290
160
96
244
0
0
0
245
0
0
0
163
289
0
100
0
0
0
0
346
0
0
331
326
0
248
0
0
0
0
0
289
0
297
240
303
297
133
0
0
319
289
229
0
329
0
0
289
225
0
0
309
0
255
265
0
0
0
75
277
0
209
0
0
334
318
267
175
0
0
0
0
0
0
269
356
0
0
0
0
307
362
0
313
0
206
0
361
0
0
0
0
266
223
166
0
337
0
0
0
197
0
318
322
0
0
193
0
0
0
87
264
0
0
358
0
129
140
285
0
0
334
0
0
0
342
0
0
0
152
210
0
0
0
0
271
0
283
65
0
223
60
135
225
337
180
0
262
256
307
0
168
352
228
208
0
0
172
0
274
0
170
151
268
0
345
0
0
0
0
286
276
154
259
0
0
147
0
0
0
0
196
0
0
359
0
0
329
0
192
189
294
0
313
236
0
0
0
229
348
0
0
38
104
348
344
233
170
0
325
0
176
0
0
92
0
287
346
0
345
353
298
349
302
173
0
0
172
311
0
0
285
37
298
317
358
0
0
0
0
304
271
184
209
0
247
347
125
176
313
0
193
0
0
270
304
176
115
0
0
0
263
341
242
349
67
298
122
260
0
0
314
0
0
336
302
104
0
350
0
259
0
0
0
0
0
334
239
0
0
0
182
0
289
0
0
0
0
231
358
0
0
0
243
265
186
247
0
325
0
189
211
197
160
0
325
312
314
0
146
0
0
271
264
0
0
267
0
0
304
0
0
347
82
287
0
0
0
0
339
0
0
0
237
225
0
0
339
217
331
328
0
0
0
0
235
0
0
309
205
287
330
0
320
252
268
199
285
176
0
0
352
140
192
0
360
0
347
0
0
0
0
145
0
228
242
0
0
83
287
353
0
0
260
0
352
0
0
211
360
0
0
0
339
182
46
0
0
221
285
330
142
0
0
0
305
0
356
273
350
299
222
345
193
284
349
0
0
75
277
0
330
0
58
272
361
0
0
0
110
292
291
0
325
129
64
0
0
350
221
350
80
279
0
0
181
325
143
0
0
0
226
0
0
163
0
341
262
112
0
0
225
0
0
0
258
154
282
143
327
224
302
217
153
204
204
0
178
0
0
209
0
0
214
0
326
0
0
0
285
0
264
0
359
0
0
178
360
0
194
0
231
223
272
0
256
0
0
336
201
203
339
0
325
305
328
0
293
0
0
260
0
0
300
0
316
0
28
302
164
0
224
0
0
93
346
0
0
232
64
0
0
323
344
0
0
0
126
260
0
227
211
0
0
0
110
270
0
0
0
0
0
0
0
0
117
311
0
219
0
0
0
295
0
0
264
0
283
116
232
318
338
322
0
286
250
296
236
313
320
120
0
43
0
331
231
351
188
0
0
0
0
0
339
0
0
176
128
0
0
165
231
0
165
287
0
341
336
0
261
0
0
139
0
256
0
0
343
0
0
0
0
0
0
341
0
257
81
318
151
0
143
241
304
0
255
339
0
224
0
0
0
0
362
233
321
0
0
0
239
232
0
0
265
0
290
361
246
0
216
48
0
0
0
0
168
0
0
0
0
0
0
0
0
0
0
319
362
339
0
0
0
0
214
127
335
213
291
262
0
237
53
318
0
199
231
0
275
133
314
289
100
318
361
234
343
0
69
242
246
108
0
316
0
0
255
0
0
237
0
0
349
0
0
131
214
0
183
344
179
321
299
217
328
0
298
247
291
135
207
0
147
240
0
274
349
0
346
117
0
0
0
325
334
254
127
165
323
0
0
238
136
189
103
0
0
0
346
106
0
0
0
0
0
0
0
352
0
319
0
282
93
0
207
0
0
0
0
0
125
71
0
294
258
253
0
0
0
0
0
0
219
128
0
0
254
0
300
252
0
205
0
0
233
115
169
0
0
0
0
207
0
355
0
0
331
0
0
0
0
0
0
292
306
0
0
324
297
122
117
251
0
330
0
0
37
287
335
0
325
0
0
0
0
66
277
0
0
0
0
288
358
119
0
0
265
0
233
113
0
164
0
136
256
312
0
0
0
206
78
247
74
0
0
0
61
0
0
320
136
0
294
0
0
0
0
169
0
220
300
0
0
252
241
0
0
142
348
94
185
0
295
360
0
0
0
216
0
194
0
292
0
253
309
155
187
0
0
21
113
0
217
0
0
141
0
277
35
0
0
303
217
203
0
273
81
311
0
0
158
0
147
297
0
286
0
256
237
359
122
0
0
52
0
0
0
0
361
0
300
74
353
0
0
311
87
126
54
0
350
0
0
0
0
0
0
0
324
128
0
267
198
236
0
0
240
0
284
0
0
0
0
0
0
0
0
348
0
344
0
239
325
0
0
0
0
204
355
0
217
271
246
341
0
78
243
246
253
0
167
205
139
164
0
0
0
194
0
224
0
99
0
309
171
291
0
246
0
0
0
0
0
233
309
0
133
0
195
0
0
312
303
0
169
335
240
148
342
0
0
164
0
0
291
0
343
0
304
0
194
268
0
0
342
0
0
0
0
0
169
0
0
192
0
252
285
0
221
0
145
0
0
143
0
353
308
250
282
0
339
356
0
0
0
0
142
218
0
0
342
218
0
0
0
249
0
0
0
332
345
75
242
0
0
0
0
188
0
170
0
0
226
0
0
310
0
0
0
0
0
78
0
0
341
0
0
0
0
247
147
82
153
0
0
0
163
256
0
279
0
81
0
0
308
33
259
0
0
0
0
0
355
323
213
133
355
0
0
0
335
243
250
154
140
0
230
0
347
350
256
309
0
70
0
236
287
202
270
217
0
0
284
0
59
0
0
0
0
0
0
0
313
107
173
307
353
0
200
70
351
110
276
0
0
0
0
170
357
224
0
251
124
354
0
0
153
0
163
0
220
0
161
171
0
0
248
0
0
188
354
0
262
0
248
63
351
0
0
0
0
242
312
0
240
171
345
0
221
0
247
0
199
240
223
0
105
0
76
334
0
326
104
0
94
332
0
0
0
212
0
0
347
146
251
358
0
340
0
0
0
0
0
0
0
356
221
268
93
195
358
326
313
0
0
0
35
346
206
246
286
354
0
310
318
258
333
313
318
0
0
0
0
0
293
0
321
271
0
109
159
0
0
131
221
0
161
339
236
0
0
0
0
94
0
0
176
0
0
0
0
0
0
152
277
0
0
0
0
0
348
0
53
0
304
317
144
152
319
346
0
287
0
0
270
220
0
0
45
267
273
212
0
0
0
0
169
0
229
276
118
152
0
343
0
196
0
0
190
261
252
0
315
0
0
298
0
0
0
0
95
0
0
0
0
0
311
0
0
0
360
0
314
0
0
77
344
0
0
0
277
258
288
66
331
0
252
0
298
243
0
140
0
301
169
0
314
329
120
188
104
0
315
358
0
354
126
0
0
0
0
283
0
0
0
204
0
0
241
0
0
0
0
241
0
271
0
0
316
303
326
258
0
0
0
0
0
0
195
0
131
310
0
314
0
238
359
0
0
0
0
0
327
285
215
301
0
0
0
0
0
0
0
361
356
133
0
0
0
263
0
0
323
311
0
0
229
282
0
109
0
352
0
326
0
225
0
0
254
0
0
64
254
0
0
256
0
0
359
160
353
0
250
0
173
0
145
0
220
0
0
0
0
111
0
342
0
0
0
306
0
0
0
0
0
0
196
0
0
0
0
0
0
199
0
0
0
0
332
0
0
0
324
0
0
314
37
263
239
0
332
88
0
313
217
0
0
0
0
0
283
136
200
321
0
0
0
0
0
133
0
344
75
0
0
145
0
292
280
0
210
0
0
346
0
355
279
0
130
215
264
332
22
0
0
185
0
0
0
0
237
0
0
327
345
0
0
322
141
0
0
0
0
352
0
0
351
279
0
159
0
0
185
0
315
312
0
0
49
0
342
78
316
253
0
192
307
0
0
0
186
0
0
0
0
303
116
0
0
0
192
205
274
0
0
253
177
355
151
253
0
0
0
177
185
49
23
0
342
292
0
141
247
0
0
0
58
0
213
0
104
231
0
0
0
0
311
361
355
234
0
261
0
71
0
0
0
0
0
0
0
0
281
0
299
303
358
183
0
0
310
0
347
0
348
0
187
0
41
0
0
328
0
0
0
0
0
281
182
182
0
0
0
0
306
279
117
336
0
0
0
192
210
0
0
0
343
321
332
286
285
355
320
119
0
0
0
157
0
0
0
0
0
292
191
321
0
0
0
357
359
0
314
239
235
0
313
99
284
0
0
171
251
0
0
207
190
0
247
354
55
0
0
344
0
0
0
131
0
0
316
0
0
0
153
331
300
0
204
0
0
320
0
0
0
258
0
0
208
0
322
209
359
0
0
237
0
331
0
313
0
0
163
255
0
0
145
0
0
0
177
281
0
299
0
313
295
0
339
168
0
81
0
203
324
0
217
314
318
0
293
209
151
0
0
0
0
0
0
159
0
231
351
0
323
357
0
0
220
27
0
306
0
0
0
144
110
0
0
0
71
0
0
323
142
288
350
0
0
209
0
0
341
0
0
0
278
328
0
0
235
0
0
201
0
0
250
0
0
0
0
0
278
0
0
341
262
249
254
322
0
281
0
148
0
356
343
0
0
289
283
0
0
0
241
0
12
0
0
107
0
0
121
252
0
0
0
0
0
343
0
252
0
0
267
0
104
0
0
0
173
0
0
0
0
0
224
0
329
0
75
309
333
319
248
0
118
293
0
163
200
203
93
210
0
175
0
257
0
232
0
345
0
0
308
0
0
0
0
297
233
0
296
0
257
187
300
0
0
0
303
0
0
0
275
0
126
219
0
0
0
0
188
277
0
0
218
127
0
0
0
0
0
280
0
116
289
54
0
301
0
78
188
0
0
233
0
118
169
0
181
0
0
0
0
210
0
0
146
0
337
320
70
0
133
0
176
283
351
223
0
0
0
0
0
301
359
0
52
0
348
166
0
233
0
287
0
0
48
272
0
0
232
0
170
163
0
0
341
26
222
174
0
0
0
0
212
277
196
170
271
359
0
233
122
307
0
0
231
0
0
0
0
0
0
0
0
289
132
0
138
138
257
255
0
304
0
301
0
201
310
338
224
0
0
239
0
309
343
187
0
0
0
103
0
219
174
0
227
153
327
149
59
0
332
292
0
0
0
0
0
190
0
293
274
117
0
349
0
0
164
0
0
96
0
336
265
0
223
0
0
360
39
0
0
0
199
0
0
0
172
343
23
274
0
306
0
168
0
310
0
343
263
0
0
0
297
0
265
360
0
100
210
0
0
0
234
0
272
0
0
336
0
137
303
0
247
275
292
312
0
294
159
0
0
0
0
176
178
0
0
0
351
0
0
119
0
360
297
269
357
0
0
0
178
157
289
0
0
313
358
0
0
0
331
357
353
0
272
0
41
68
0
351
0
0
0
0
0
0
0
333
325
0
0
154
0
0
253
337
0
0
0
0
0
0
126
0
247
247
0
238
0
0
241
0
136
154
0
136
0
0
0
0
241
305
229
0
279
304
0
0
0
0
0
0
0
0
109
0
0
304
0
0
302
317
173
249
307
0
330
0
337
0
332
296
0
360
0
0
0
279
152
0
153
0
0
0
0
327
86
345
0
242
0
0
280
0
215
0
0
48
0
0
316
354
0
0
0
153
299
188
0
260
77
0
0
224
0
328
0
0
0
0
210
250
341
0
0
335
305
0
344
190
0
317
357
161
328
0
0
0
324
286
0
158
337
56
186
0
126
167
0
0
0
0
266
180
200
0
328
0
0
0
302
113
289
233
0
344
69
322
0
321
0
0
246
343
348
314
264
262
245
0
0
328
0
115
0
0
295
0
0
0
0
0
0
0
0
0
0
0
202
164
0
108
0
53
0
186
0
328
0
155
0
0
318
353
0
0
0
195
0
254
0
0
113
0
0
325
280
98
0
0
285
197
0
0
200
0
183
293
0
0
306
0
294
248
362
142
0
97
127
0
337
0
350
169
309
0
0
106
25
126
0
0
0
0
0
0
0
204
0
0
0
64
0
180
0
0
195
318
0
246
0
351
294
0
267
317
0
0
0
244
0
0
0
0
0
243
177
0
0
105
0
344
102
325
272
101
330
0
0
349
328
150
0
0
0
361
0
346
0
17
0
0
148
120
82
0
0
0
265
0
0
0
299
251
209
0
242
0
0
260
0
0
0
0
101
238
215
133
204
0
0
0
155
0
222
357
0
312
274
34
0
115
265
172
0
0
0
0
128
137
297
263
228
275
287
238
211
351
293
202
252
0
214
0
231
356
202
0
361
0
0
0
231
271
0
0
0
0
0
0
352
361
0
0
0
238
171
0
357
0
0
0
0
0
0
217
161
73
0
0
286
0
0
356
165
141
0
0
0
0
0
0
288
208
0
292
0
92
316
0
0
0
0
0
0
184
0
193
229
0
83
0
0
0
237
298
0
288
0
170
0
297
0
175
0
360
0
226
0
0
249
120
0
73
0
248
182
129
56
0
0
0
277
143
238
156
0
0
260
339
0
0
126
192
0
333
131
0
0
0
349
322
0
0
240
220
0
319
246
0
149
161
272
0
152
0
0
0
0
0
0
0
0
0
246
300
0
0
354
0
290
0
0
313
0
335
0
276
124
328
272
43
172
195
239
294
0
0
0
0
0
340
0
236
145
0
217
0
0
310
82
0
0
0
0
190
198
0
0
0
0
0
0
291
212
0
0
0
361
308
0
307
288
0
0
188
286
0
0
0
0
272
326
0
78
350
81
0
0
0
105
144
138
0
326
342
0
164
0
0
300
344
0
281
0
0
318
0
175
0
0
0
0
0
303
173
0
0
232
196
248
322
96
150
351
233
257
348
0
29
0
355
362
306
247
0
0
114
0
0
291
0
215
0
325
223
293
0
358
0
0
348
0
0
0
218
325
298
350
0
0
0
203
17
0
0
0
202
0
0
0
0
0
0
337
0
0
0
0
254
0
47
0
0
0
142
362
0
271
315
0
303
0
0
0
0
221
125
0
178
304
0
127
0
131
0
187
164
339
197
309
344
125
243
303
272
0
295
0
240
0
0
163
0
0
153
305
0
272
0
323
265
238
231
140
0
0
334
0
0
140
0
203
0
0
0
300
336
0
226
0
197
292
297
324
249
62
0
0
361
74
179
0
324
105
0
211
353
0
145
350
356
310
0
0
259
352
0
0
340
326
324
110
0
0
0
311
292
141
0
0
0
196
0
355
252
0
0
0
0
53
0
0
0
172
230
0
0
168
294
0
0
285
101
129
0
151
301
0
0
338
0
276
0
187
258
291
313
0
0
0
0
361
129
76
0
0
0
0
175
0
97
238
354
188
204
161
167
232
0
354
0
307
141
0
104
268
0
312
0
279
0
255
164
0
0
330
0
0
0
79
293
0
0
0
0
351
334
327
0
254
0
127
0
206
0
0
149
0
0
353
79
0
169
0
233
0
302
0
0
263
0
322
0
0
332
0
0
0
347
0
156
0
343
141
0
0
0
0
0
91
0
218
0
0
0
0
0
0
0
0
0
0
0
225
236
0
359
0
321
0
193
0
38
0
0
305
0
0
0
0
0
0
0
0
0
308
165
0
0
0
36
251
0
193
89
272
215
298
0
322
0
248
0
259
0
271
0
0
0
0
0
224
0
0
263
0
282
0
0
149
0
0
0
272
268
0
176
0
0
0
0
0
281
353
0
0
0
271
0
114
0
0
295
250
209
353
0
0
0
342
0
176
0
0
0
287
0
94
0
337
0
324
0
97
290
0
246
0
238
0
339
0
0
0
234
0
266
326
0
0
279
130
0
0
0
0
0
141
260
283
318
145
0
202
233
340
0
281
0
0
0
0
177
84
0
0
0
0
293
0
334
186
0
184
0
0
0
306
0
0
207
0
340
0
268
131
135
0
269
0
51
0
0
192
0
258
0
197
0
0
318
263
0
0
0
360
0
355
348
0
0
357
126
0
291
199
0
44
0
0
0
286
155
0
0
227
0
0
240
144
0
0
0
334
319
186
310
0
0
0
313
280
131
0
273
312
106
0
242
0
253
0
0
295
361
0
0
0
0
353
0
0
226
90
0
277
0
0
0
0
0
0
0
0
339
356
310
281
201
276
0
0
232
0
273
0
0
67
0
0
329
0
0
320
191
0
0
239
183
0
0
232
0
318
0
0
17
327
293
356
0
0
0
0
182
0
236
0
215
0
0
0
275
134
324
0
0
0
0
0
240
292
0
208
0
286
176
306
0
313
224
0
187
279
0
0
345
0
0
176
322
0
124
0
250
56
86
0
360
0
148
0
0
299
276
247
238
0
323
0
0
0
141
338
0
352
0
148
0
97
0
302
0
248
335
0
0
175
249
0
256
271
0
0
0
0
0
279
0
212
188
0
274
180
314
0
256
274
0
340
0
0
307
0
0
0
0
299
289
0
314
0
0
287
144
361
308
27
0
262
0
0
300
0
0
340
0
197
194
314
261
348
0
0
191
240
0
0
0
0
355
296
140
0
271
0
160
186
0
0
245
302
0
0
0
0
150
315
0
0
355
0
0
318
314
302
358
332
355
0
362
197
0
349
0
0
0
259
145
144
264
263
234
0
122
0
0
156
0
0
0
0
0
344
200
0
0
0
0
219
311
278
0
0
0
0
273
0
140
0
269
190
0
182
286
276
235
0
0
162
267
334
77
0
310
0
0
250
46
0
316
327
0
0
353
0
0
287
148
0
190
247
105
0
0
283
0
0
0
0
0
0
259
0
0
0
0
272
347
329
344
317
0
310
142
119
0
233
210
0
45
208
311
0
326
0
359
123
0
94
0
236
189
0
280
185
0
264
162
259
114
246
0
314
358
237
0
0
120
346
261
0
0
0
257
0
0
0
0
244
298
151
148
